0 0.07629090909090909 0.37688524590163935 0.0512 0.050437158469945356
0 0.20541818181818183 0.2486885245901639 0.04090909090909091 0.03224043715846995
0 0.28883636363636367 0.22207650273224044 0.0288 0.0266120218579235
0 0.3666909090909091 0.2304918032786885 0.03341818181818182 0.04344262295081967
0 0.40399999999999997 0.26693989071038254 0.040872727272727276 0.04901639344262296
0 0.44316363636363637 0.26693989071038254 0.03341818181818182 0.035027322404371584
0 0.47112727272727273 0.26693989071038254 0.02781818181818182 0.029398907103825134
0 0.5084 0.27672131147540985 0.03898181818181819 0.035027322404371584
0 0.4641090909090909 0.22065573770491806 0.02687272727272727 0.0266120218579235
0 0.48509090909090913 0.24027322404371584 0.03527272727272727 0.0266120218579235
0 0.6081454545454545 0.22278688524590165 0.029636363636363638 0.02240437158469945
0 0.5470909090909091 0.34120218579234973 0.052945454545454546 0.05185792349726776
0 0.6431272727272728 0.21786885245901638 0.02498181818181818 0.02382513661202186
0 0.6669090909090909 0.22278688524590165 0.029636363636363638 0.025245901639344263
0 0.6832 0.23191256830601092 0.030545454545454546 0.0266120218579235
0 0.6962545454545455 0.2185792349726776 0.026836363636363637 0.025245901639344263
0 0.7671272727272728 0.257103825136612 0.030545454545454546 0.04065573770491804
0 0.857090909090909 0.16956284153005466 0.025854545454545456 0.0280327868852459
0 0.9060363636363636 0.16814207650273225 0.023054545454545453 0.0280327868852459
0 0.8855272727272727 0.22699453551912568 0.03610909090909091 0.033606557377049186
0 0.9796727272727274 0.18704918032786882 0.011854545454545454 0.029398907103825134
0 0.9535636363636364 0.29983606557377046 0.05101818181818182 0.05885245901639344
0 0.8994909090909091 0.41333333333333333 0.09203636363636364 0.09808743169398906
0 0.19796363636363634 0.5604371584699454 0.15654545454545454 0.1653551912568306
0 0.3522545454545455 0.5730601092896175 0.15741818181818182 0.15972677595628415
0 0.5606181818181818 0.6010928961748634 0.1433818181818182 0.19617486338797813
0 0.6062909090909091 0.668360655737705 0.23661818181818178 0.25218579234972677
0 0.8267636363636364 0.5352459016393443 0.17967272727272726 0.1569398907103825