0 0.09101818181818182 0.7166666666666667 0.18207272727272727 0.25081967213114753
0 0.22312727272727273 0.7356284153005465 0.09127272727272728 0.2830054644808743
0 0.39232727272727275 0.7419125683060109 0.11454545454545455 0.2648087431693989
0 0.6067636363636364 0.6515300546448087 0.047345454545454545 0.10087431693989071
0 0.5503636363636364 0.6508196721311476 0.06134545454545455 0.11349726775956284
0 0.4948727272727273 0.6396174863387978 0.05112727272727273 0.0910928961748634
0 0.43614545454545456 0.6515300546448087 0.06232727272727273 0.11207650273224044
0 0.3089090909090909 0.6452459016393443 0.05207272727272727 0.0910928961748634
0 0.2646181818181818 0.6445355191256831 0.04556363636363636 0.09530054644808744
0 0.8086181818181818 0.6515300546448087 0.07247272727272727 0.12890710382513662
0 0.6552363636363636 0.6459562841530054 0.0436 0.1092896174863388
0 0.7540727272727273 0.6571584699453552 0.039854545454545455 0.13453551912568307