0 0.022036363636363635 0.5331147540983606 0.04410909090909091 0.05185792349726776
0 0.07349090909090909 0.530327868852459 0.040036363636363634 0.04065573770491804
0 0.1261818181818182 0.5324590163934426 0.0689090909090909 0.07005464480874317
0 0.2534181818181818 0.5632786885245902 0.15745454545454543 0.1373224043715847
0 0.36810909090909094 0.5569398907103825 0.10149090909090909 0.10786885245901638
0 0.4576 0.5324590163934426 0.05112727272727273 0.03644808743169399
0 0.5181818181818182 0.514207650273224 0.07349090909090909 0.05885245901639344
0 0.6174909090909091 0.5134972677595628 0.06505454545454546 0.05185792349726776
0 0.7144363636363636 0.5163387978142077 0.05010909090909091 0.04065573770491804
0 0.7857454545454546 0.5086338797814207 0.06036363636363637 0.0560655737704918
0 0.848690909090909 0.5128415300546447 0.04450909090909091 0.039234972677595625
0 0.9321454545454545 0.5121311475409837 0.039818181818181815 0.03781420765027323