0 0.1233448275862069 0.5410919540229885 0.10155172413793104 0.1485632183908046
0 0.06793103448275861 0.5247701149425288 0.08093103448275862 0.13706896551724138
0 0.03348275862068966 0.47919540229885055 0.06503448275862068 0.20160919540229885
0 0.11699999999999999 0.3841954022988505 0.11006896551724138 0.11758620689655173
0 0.21300000000000002 0.5291954022988505 0.10044827586206896 0.18126436781609195
0 0.24617241379310345 0.4142528735632184 0.13558620689655174 0.19011494252873562
0 0.3773448275862069 0.4929310344827586 0.32310344827586207 0.4482758620689655
0 0.41158620689655173 0.5508620689655173 0.25889655172413795 0.4650574712643678
0 0.5781034482758621 0.4226436781609196 0.21 0.31477011494252877
0 0.6717241379310345 0.6582758620689656 0.24334482758620687 0.5950574712643678
0 0.843103448275862 0.5048850574712643 0.2733103448275862 0.5216666666666666