0 0.765954962468724 0.21134831460674156 0.19090075062552125 0.1804868913857678
0 0.8926021684737281 0.4906741573033708 0.18467055879899916 0.2714107365792759
0 0.8882819015846538 0.16886392009987514 0.06486238532110092 0.07888888888888888
0 0.8736947456213511 0.23109862671660425 0.08682235195996664 0.0743445692883895
0 0.5836196830692243 0.14410736579275907 0.1487072560467056 0.07845193508114857
0 0.45436196830692244 0.13827715355805245 0.1070558798999166 0.08012484394506868
0 0.11054211843202669 0.11411985018726592 0.08573811509591325 0.05846441947565543
0 0.2624353628023353 0.1259925093632959 0.03067556296914095 0.06803995006242197
0 0.19252710592160133 0.11870162297128589 0.061551292743953295 0.06595505617977528
0 0.030141784820683904 0.13470661672908865 0.06027522935779816 0.10595505617977528
0 0.9819015846538782 0.16551810237203496 0.03619683069224353 0.07762796504369537
0 0.47529608006672225 0.5382147315855181 0.8922935779816513 0.7792759051186018