0 0.07337792642140469 0.7692307692307693 0.09177257525083612 0.23485207100591715
0 0.2349163879598662 0.8047337278106509 0.0980267558528428 0.2512426035502959
0 0.3081939799331104 0.6868639053254437 0.08006688963210702 0.15201183431952664
0 0.044080267558528424 0.5193491124260354 0.03722408026755853 0.03550295857988166
0 0.034782608695652174 0.5457396449704143 0.047157190635451506 0.039171597633136095
0 0.10374581939799331 0.5170414201183432 0.02080267558528428 0.040059171597633135
0 0.12712374581939798 0.5193491124260354 0.0305685618729097 0.03550295857988166
0 0.111438127090301 0.5525443786982248 0.05682274247491638 0.0527810650887574
0 0.15568561872909698 0.5462130177514793 0.05066889632107024 0.047337278106508875
0 0.23307692307692307 0.56301775147929 0.057826086956521736 0.050059171597633144
0 0.26525083612040135 0.5271005917159763 0.047658862876254184 0.03094674556213018
0 0.3182274247491639 0.5594082840236687 0.0754515050167224 0.06644970414201183
0 0.4504347826086957 0.5225443786982249 0.02719063545150502 0.02183431952662722
0 0.4154515050167224 0.5166272189349113 0.014816053511705684 0.02455621301775148
0 0.4013043478260869 0.5188757396449704 0.013478260869565219 0.02911242603550296
0 0.3722408026755853 0.5207100591715976 0.018896321070234114 0.025502958579881656
0 0.5869899665551839 0.5252662721893491 0.037056856187290974 0.03461538461538461
0 0.8418729096989966 0.5175147928994083 0.03668896321070234 0.040946745562130175
0 0.9532107023411371 0.514792899408284 0.024916387959866223 0.028224852071005915
0 0.8372575250836121 0.7778698224852072 0.07678929765886287 0.2485207100591716
0 0.6968227424749164 0.5575739644970414 0.07979933110367893 0.07011834319526628
0 0.5548494983277592 0.8101775147928993 0.15789297658862878 0.2111834319526627
0 0.6209698996655518 0.7246153846153846 0.2777926421404682 0.3459171597633136