0 0.14947183098591552 0.6638418079096046 0.2561971830985916 0.35757062146892654
0 0.14235915492957746 0.32446327683615817 0.2527112676056338 0.26796610169491525
0 0.32968309859154926 0.17875706214689266 0.24003521126760563 0.24293785310734464
0 0.600950704225352 0.21265536723163841 0.2645070422535211 0.27847457627118644
0 0.8511619718309859 0.16463276836158192 0.20651408450704226 0.2711864406779661
0 0.40669014084507044 0.4737853107344633 0.23975352112676057 0.29214689265536725
0 0.65 0.5270621468926554 0.2468661971830986 0.23728813559322035
0 0.8689788732394366 0.4592655367231639 0.22711267605633803 0.26310734463276836
0 0.4549647887323944 0.7994350282485876 0.24380281690140843 0.27361581920903955
0 0.6967605633802817 0.8054802259887005 0.20961267605633804 0.2937853107344633
0 0.8893661971830986 0.80954802259887 0.16221830985915492 0.3180225988700565