0 0.03539855072463768 0.8497267759562842 0.07079710144927535 0.3005464480874317
0 0.15376811594202897 0.8224043715846995 0.1497826086956522 0.3551912568306011
0 0.42043478260869566 0.8633879781420765 0.32659420289855073 0.273224043715847
0 0.8886594202898551 0.8516939890710383 0.22268115942028985 0.2966120218579235
0 0.7868115942028986 0.7497814207650274 0.23115942028985506 0.21781420765027323
0 0.11728260869565217 0.5557923497267759 0.03126811594202899 0.06868852459016393
0 0.07898550724637682 0.5612568306010929 0.057753623188405795 0.0733879781420765
0 0.16902173913043478 0.5511475409836065 0.07271739130434783 0.07808743169398906
0 0.2311231884057971 0.5530601092896175 0.03134057971014493 0.050765027322404364
0 0.36771739130434783 0.5683060109289617 0.04800724637681159 0.07491803278688525
0 0.28492753623188405 0.6167213114754099 0.0686231884057971 0.0718032786885246
0 0.406268115942029 0.539016393442623 0.058876811594202896 0.04759562841530055
0 0.46605072463768116 0.5472131147540984 0.03771739130434783 0.03901639344262295
0 0.4399275362318841 0.6116393442622952 0.08478260869565217 0.07415300546448088
0 0.5421014492753623 0.5659562841530055 0.06264492753623188 0.0921311475409836
0 0.6168840579710144 0.5768852459016393 0.08282608695652174 0.0733879781420765
0 0.8336956521739131 0.5741530054644809 0.05293478260869565 0.05540983606557377
0 0.8007971014492754 0.568688524590164 0.06246376811594202 0.07415300546448088
0 0.913731884057971 0.5656830601092896 0.052173913043478265 0.05387978142076502