0 0.16591772151898734 0.4645625 0.14474683544303799 0.2708125
0 0.0325 0.234875 0.04237341772151899 0.053125
0 0.2953481012658228 0.20049999999999998 0.04939873417721519 0.059375
0 0.387626582278481 0.20625 0.06525316455696203 0.0375
0 0.4113607594936709 0.1676875 0.07053797468354431 0.0520625
0 0.5940506329113924 0.1671875 0.02689873417721519 0.084375
0 0.7506645569620254 0.19375 0.06180379746835443 0.0625
0 0.5065189873417721 0.190625 0.054272151898734175 0.0479375
0 0.5315822784810126 0.18125 0.04110759493670886 0.0458125
0 0.820253164556962 0.2573125 0.0913607594936709 0.08125
0 0.8571518987341773 0.140125 0.08085443037974684 0.096875
0 0.9599683544303799 0.3005 0.05455696202531645 0.0676875
0 0.5305379746835444 0.27918750000000003 0.1064873417721519 0.1
0 0.5347468354430379 0.39425 0.14022151898734178 0.171875
0 0.36338607594936706 0.6005 0.1981012658227848 0.384375
0 0.7206645569620252 0.6395625 0.44879746835443035 0.5458125
0 0.05781645569620253 0.046875 0.033955696202531645 0.04375
0 0.42797468354430385 0.027625 0.03205696202531646 0.0301875