0 0.2307396449704142 0.20772189349112424 0.2913905325443787 0.17875739644970415
0 0.5386094674556213 0.19497041420118344 0.27991124260355027 0.19331360946745563
0 0.8191715976331361 0.18701183431952664 0.25023668639053254 0.21653846153846154
0 0.2263905325443787 0.40236686390532544 0.2781952662721894 0.16476331360946744
0 0.5231360946745562 0.39508875739644966 0.2708284023668639 0.16112426035502958
0 0.80301775147929 0.40417159763313615 0.2752662721893491 0.1720414201183432
0 0.7741124260355029 0.7741420118343196 0.2675443786982249 0.2155325443786982
0 0.2163905325443787 0.5742307692307692 0.2581656804733728 0.15985207100591717
0 0.4908284023668639 0.5767455621301775 0.2335207100591716 0.18763313609467455
0 0.7675147928994084 0.5838165680473373 0.24071005917159763 0.1735207100591716
0 0.20411242603550295 0.7620710059171597 0.2426923076923077 0.185
0 0.48352071005917163 0.7750295857988165 0.27718934911242604 0.17727810650887574