0 0.9377666666666666 0.5416666666666666 0.08533333333333334 0.10529761904761906
0 0.7375666666666667 0.5311309523809524 0.049833333333333334 0.05678571428571428
0 0.8431666666666666 0.6969047619047619 0.10526666666666666 0.10988095238095238
0 0.6637333333333334 0.7564285714285715 0.05386666666666667 0.04577380952380953
0 0.6001333333333333 0.7431547619047618 0.1061 0.09982142857142857
0 0.6278666666666667 0.6900000000000001 0.08463333333333334 0.050357142857142864
0 0.5291666666666667 0.5444047619047618 0.05123333333333333 0.03940476190476191
0 0.5760666666666666 0.4551190476190476 0.09586666666666667 0.0805952380952381
0 0.5296666666666667 0.5503571428571428 0.06046666666666667 0.03660714285714286
0 0.48636666666666667 0.6167857142857143 0.12143333333333334 0.09613095238095237
0 0.40893333333333337 0.5796428571428571 0.08263333333333334 0.05863095238095238
0 0.4328 0.6538690476190476 0.12090000000000001 0.1044047619047619
0 0.49096666666666666 0.7064880952380952 0.040433333333333335 0.06321428571428571
0 0.3705 0.7151785714285714 0.10703333333333333 0.10988095238095238
0 0.2741 0.5760119047619048 0.0899 0.09523809523809523
0 0.22283333333333333 0.5467261904761904 0.08993333333333334 0.0805952380952381
0 0.3530666666666667 0.49130952380952386 0.10086666666666667 0.07232142857142858
0 0.2871666666666667 0.48488095238095236 0.08016666666666666 0.0668452380952381
0 0.44100000000000006 0.4908333333333333 0.10450000000000001 0.06410714285714285
0 0.4753 0.4423214285714286 0.03593333333333333 0.04029761904761905
0 0.41356666666666664 0.4226190476190476 0.061933333333333326 0.04488095238095238
0 0.13056666666666666 0.4139285714285715 0.07406666666666667 0.07142857142857142
0 0.05826666666666667 0.401547619047619 0.05826666666666667 0.10529761904761906