0 0.7517972350230414 0.4377586206896552 0.03953917050691244 0.01629310344827586
0 0.7842857142857143 0.4353448275862069 0.030829493087557606 0.011508620689655172
0 0.8308755760368665 0.43918103448275864 0.029861751152073734 0.022974137931034484
0 0.8764055299539171 0.43823275862068967 0.03087557603686636 0.024913793103448278
0 0.7947926267281106 0.45762931034482757 0.05594470046082949 0.029224137931034483
0 0.7036405529953917 0.4442241379310345 0.033364055299539175 0.017715517241379312
0 0.9176036866359447 0.5330603448275862 0.05599078341013825 0.0843103448275862
0 0.8576958525345623 0.514353448275862 0.08018433179723501 0.05461206896551724
0 0.5475576036866359 0.4964224137931035 0.04861751152073733 0.05698275862068966
0 0.5813364055299539 0.4631034482758621 0.06294930875576037 0.03258620689655172
0 0.4733179723502304 0.44875 0.017972350230414748 0.022974137931034484
0 0.41087557603686636 0.4468534482758621 0.03645161290322581 0.026810344827586204
0 0.38626728110599073 0.43344827586206897 0.028248847926267282 0.015344827586206897
0 0.3115668202764977 0.4444396551724138 0.022165898617511517 0.022025862068965518
0 0.19663594470046084 0.43439655172413794 0.02276497695852535 0.013405172413793102
0 0.16285714285714287 0.4372413793103448 0.016635944700460828 0.026810344827586204
0 0.11142857142857143 0.4401293103448276 0.02129032258064516 0.02107758620689655
0 0.021059907834101384 0.44254310344827585 0.03138248847926267 0.02586206896551724
0 0.35253456221198154 0.4650431034482759 0.05976958525345622 0.02875
0 0.24912442396313364 0.4755603448275862 0.08221198156682027 0.045991379310344825
0 0.35354838709677416 0.5134051724137931 0.11912442396313365 0.07568965517241379
0 0.41700460829493086 0.49616379310344827 0.07410138248847925 0.05267241379310345
0 0.517557603686636 0.47413793103448276 0.06046082949308755 0.03926724137931034