0 0.7898148148148149 0.7143010752688173 0.2212222222222222 0.2703763440860215
0 0.5499259259259259 0.716989247311828 0.156 0.13440860215053763
0 0.8077777777777777 0.4650537634408602 0.07948148148148149 0.08526881720430107
0 0.712037037037037 0.471989247311828 0.06988888888888889 0.0867741935483871
0 0.616037037037037 0.47118279569892474 0.05555555555555555 0.07295698924731182
0 0.44807407407407407 0.574516129032258 0.047703703703703706 0.09521505376344086
0 0.41818518518518516 0.5238172043010753 0.1201851851851852 0.08602150537634409
0 0.36507407407407405 0.6279032258064516 0.10777777777777778 0.1282795698924731
0 0.4946666666666667 0.4715591397849462 0.092 0.07989247311827957
0 0.294962962962963 0.48231182795698924 0.07333333333333333 0.08908602150537634
0 0.08707407407407408 0.4715591397849462 0.0717037037037037 0.10446236559139785