0 0.25221818181818184 0.2568306010928962 0.048109090909090914 0.02655737704918033
0 0.16054545454545455 0.2728415300546448 0.06 0.03355191256830601
0 0.04578181818181818 0.3192896174863388 0.05058181818181818 0.02655737704918033
0 0.05021818181818182 0.3590710382513661 0.06770909090909091 0.04371584699453552
0 0.21792727272727272 0.2958469945355191 0.05429090909090909 0.042131147540983606
0 0.34414545454545453 0.24316939890710382 0.040872727272727276 0.030437158469945356
0 0.3965818181818182 0.23065573770491804 0.02949090909090909 0.02420765027322404
0 0.39036363636363636 0.26229508196721313 0.04196363636363636 0.031202185792349728
0 0.44694545454545453 0.25021857923497265 0.022254545454545454 0.03202185792349727
0 0.4768363636363636 0.23420765027322404 0.04043636363636363 0.024972677595628417
0 0.5425090909090909 0.22950819672131148 0.03894545454545455 0.034371584699453554
0 0.5863999999999999 0.24355191256830602 0.03949090909090909 0.03748633879781421
0 0.6448363636363637 0.2330054644808743 0.03170909090909091 0.03513661202185792
0 0.6874181818181818 0.2439344262295082 0.05043636363636363 0.044480874316939895
0 0.8328363636363636 0.3110928961748634 0.050545454545454546 0.03513661202185792
0 0.8333454545454545 0.3466120218579235 0.059890909090909085 0.049945355191256834
0 0.8455272727272728 0.4562841530054645 0.07181818181818182 0.05699453551912568
0 0.7878909090909091 0.457431693989071 0.03127272727272727 0.046830601092896176
0 0.7518545454545454 0.6322950819672131 0.33716363636363633 0.2903825136612022
0 0.6790909090909091 0.3762841530054645 0.06705454545454546 0.05306010928961749
0 0.6113454545454545 0.2978142076502732 0.05196363636363636 0.0460655737704918
0 0.5222545454545454 0.3005464480874317 0.02749090909090909 0.03278688524590164
0 0.5085090909090909 0.34737704918032786 0.029054545454545454 0.03278688524590164
0 0.47032727272727276 0.34584699453551915 0.027454545454545454 0.0359016393442623
0 0.3451636363636364 0.3040437158469945 0.0388 0.03355191256830601
0 0.33454545454545453 0.3407650273224044 0.034109090909090915 0.03825136612021858
0 0.12447272727272726 0.4351912568306011 0.03349090909090909 0.052295081967213115
0 0.10472727272727272 0.49065573770491805 0.07294545454545454 0.050765027322404364
0 0.17018181818181818 0.4559016393442623 0.05429090909090909 0.049945355191256834
0 0.17018181818181818 0.5214754098360657 0.045963636363636366 0.04371584699453552
0 0.3033818181818182 0.48398907103825134 0.07563636363636364 0.0562295081967213
0 0.4007636363636363 0.505464480874317 0.06272727272727273 0.06792349726775956
0 0.44694545454545453 0.4937704918032787 0.043018181818181817 0.044480874316939895
0 0.47396363636363636 0.5819672131147541 0.09290909090909091 0.07103825136612021
0 0.4916363636363636 0.43989071038251365 0.0576 0.04295081967213115
0 0.5601818181818182 0.4231147540983607 0.06592727272727272 0.05306010928961749