0 0.11433898305084744 0.8222807017543861 0.1669491525423729 0.1183625730994152
0 0.25905084745762713 0.6611111111111111 0.03627118644067796 0.06421052631578948
0 0.2995254237288136 0.7195906432748538 0.044542372881355936 0.0756140350877193
0 0.35698305084745763 0.7473684210526316 0.09494915254237289 0.07701754385964912
0 0.45125423728813563 0.6432748538011696 0.037050847457627115 0.06274853801169591
0 0.6566779661016949 0.7323976608187134 0.0791864406779661 0.061345029239766084
0 0.6798305084745763 0.7773684210526316 0.09901694915254237 0.07415204678362573
0 0.7236271186440678 0.6632163742690058 0.027898305084745764 0.0656140350877193
0 0.7967796610169492 0.7024561403508772 0.08491525423728814 0.08415204678362573
0 0.8869152542372881 0.7381286549707602 0.0832542372881356 0.05847953216374269
0 0.8087796610169492 0.7695321637426901 0.06922033898305086 0.0698830409356725
0 0.8364745762711864 0.7937426900584795 0.06176271186440677 0.0698830409356725
0 0.9639661016949153 0.7709356725146199 0.07203389830508475 0.0698830409356725