0 0.05355212355212355 0.40190721649484534 0.02915057915057915 0.02649484536082474
0 0.13806949806949806 0.39077319587628867 0.049999999999999996 0.04876288659793815
0 0.11876447876447876 0.41587628865979387 0.06146718146718147 0.03762886597938144
0 0.18084942084942085 0.39149484536082474 0.04602316602316602 0.03623711340206186
0 0.24555984555984556 0.4095876288659793 0.06274131274131274 0.027886597938144332
0 0.3436293436293436 0.3921649484536082 0.04814671814671815 0.03762886597938144
0 0.40413127413127414 0.3942783505154639 0.03980694980694981 0.030670103092783507
0 0.43594594594594593 0.41309278350515466 0.04293436293436293 0.023659793814432988
0 0.46675675675675676 0.39077319587628867 0.03984555984555985 0.03762886597938144
0 0.5397683397683398 0.39149484536082474 0.025250965250965252 0.03623711340206186
0 0.6649806949806949 0.4081958762886598 0.060733590733590734 0.03623711340206186
0 0.7969884169884169 0.45278350515463917 0.04513513513513513 0.06963917525773196
0 0.9393822393822394 0.45 0.07332046332046331 0.06407216494845361
0 0.9781081081081081 0.49664948453608243 0.04378378378378378 0.0431958762886598
0 0.5945559845559846 0.41515463917525774 0.05552123552123552 0.03345360824742268
0 0.5945559845559846 0.41376288659793814 0.03254826254826255 0.07242268041237114
0 0.5496911196911197 0.49319587628865985 0.12227799227799228 0.06407216494845361
0 0.1467953667953668 0.6046391752577319 0.2935907335907336 0.29814432989690726
0 0.688996138996139 0.4841237113402062 0.10247104247104247 0.10170103092783506
0 0.5486100386100387 0.706340206185567 0.48289575289575287 0.3482989690721649
0 0.9394980694980696 0.7084020618556701 0.121003861003861 0.18252577319587626