0 0.14839857651245553 0.48396648044692736 0.09512455516014234 0.18016759776536312
0 0.5353736654804271 0.3240223463687151 0.05231316725978648 0.06983240223463687
0 0.21779359430604983 0.6033519553072626 0.15380782918149466 0.3435754189944134
0 0.2329181494661922 0.48044692737430167 0.05594306049822064 0.18994413407821228
0 0.29384341637010675 0.4664804469273743 0.06395017793594306 0.19273743016759776
0 0.41971530249110317 0.5342458100558659 0.1786476868327402 0.2807262569832402
0 0.78355871886121 0.613854748603352 0.2746619217081851 0.4399441340782123
0 0.6505693950177937 0.28631284916201116 0.030035587188612097 0.04189944134078212
0 0.9459074733096086 0.28631284916201116 0.03708185053380783 0.0446927374301676
0 0.9845907473309609 0.2828491620111732 0.030818505338078294 0.04329608938547486
0 0.9659430604982207 0.3149720670391062 0.032633451957295376 0.05726256983240224
0 0.5527402135231316 0.2898324022346369 0.03185053380782918 0.03770949720670391
0 0.5251601423487544 0.28631284916201116 0.02117437722419929 0.030726256983240222
0 0.1995729537366548 0.2772625698324023 0.02302491103202847 0.02653631284916201
0 0.13729537366548042 0.2905027932960894 0.02306049822064057 0.0335195530726257
0 0.2298220640569395 0.2828491620111732 0.021245551601423485 0.03212290502793296
0 0.23469750889679716 0.31078212290502794 0.022135231316725977 0.04329608938547486
0 0.2516014234875445 0.2898324022346369 0.015017793594306049 0.034916201117318434