0 0.038167202572347264 0.2653086419753086 0.0757556270096463 0.1719753086419753
0 0.5609646302250804 0.45049382716049385 0.4553054662379421 0.6511111111111111
0 0.08331189710610933 0.2145679012345679 0.019163987138263665 0.06172839506172839
0 0.12389067524115756 0.27481481481481485 0.06196141479099678 0.06172839506172839
0 0.8415434083601288 0.2645679012345679 0.04263665594855305 0.049999999999999996
0 0.32061093247588424 0.3145061728395062 0.07569131832797428 0.06759259259259259
0 0.1767202572347267 0.28950617283950614 0.058874598070739546 0.055864197530864204
0 0.30797427652733117 0.2512962962962963 0.03971061093247588 0.05290123456790124
0 0.27048231511254023 0.17858024691358024 0.02745980707395498 0.030864197530864196
0 0.20810289389067524 0.1587037037037037 0.02212218649517685 0.020555555555555556
0 0.24482315112540193 0.18666666666666665 0.014469453376205787 0.02648148148148148
0 0.18781350482315112 0.2491358024691358 0.07035369774919614 0.0867283950617284
0 0.26090032154340836 0.2512962962962963 0.048135048231511254 0.09111111111111111
0 0.2980385852090032 0.18814814814814815 0.02459807073954984 0.04117283950617284
0 0.3577491961414791 0.20500000000000002 0.030514469453376207 0.027901234567901233
0 0.36196141479099675 0.24030864197530863 0.04504823151125402 0.03382716049382716
0 0.41707395498392286 0.25351851851851853 0.04964630225080386 0.13376543209876543
0 0.36768488745980704 0.2740740740740741 0.05652733118971061 0.04259259259259259
0 0.967459807073955 0.2506172839506173 0.03266881028938907 0.05141975308641975
0 0.9154019292604502 0.24839506172839507 0.05257234726688104 0.049999999999999996