0 0.09110687022900764 0.2604663212435233 0.04942748091603053 0.022383419689119173
0 0.1251526717557252 0.2870984455958549 0.04942748091603053 0.02518134715025907
0 0.14576335877862595 0.29689119170984457 0.04755725190839695 0.02518134715025907
0 0.13854961832061066 0.3395854922279793 0.07641221374045801 0.04341968911917099
0 0.24068702290076338 0.3423834196891192 0.08057251908396947 0.04341968911917099
0 0.23706106870229007 0.3164766839378238 0.06511450381679389 0.04481865284974094
0 0.21229007633587785 0.26746113989637305 0.03416030534351145 0.02518134715025907
0 0.17412213740458013 0.2597927461139896 0.0382824427480916 0.026632124352331605
0 0.625381679389313 0.6189637305699481 0.24938931297709924 0.2212435233160622
0 0.8100381679389312 0.4929533678756477 0.1549618320610687 0.2100518134715026
0 0.6357251908396947 0.4067875647668394 0.0868702290076336 0.054611398963730566
0 0.5501145038167938 0.4229015544041451 0.06622137404580153 0.12041450777202072
0 0.30721374045801525 0.3136787564766839 0.07129770992366412 0.036424870466321244
0 0.7249236641221374 0.3605699481865285 0.052366412213740464 0.03782383419689119
0 0.7899236641221374 0.3507772020725389 0.03843511450381679 0.04062176165803109
0 0.9704198473282443 0.3487046632124352 0.05229007633587786 0.04481865284974094
0 0.6351908396946564 0.3220725388601036 0.04 0.030829015544041452
0 0.5975572519083969 0.3234715025906736 0.036908396946564885 0.030829015544041452
0 0.7419465648854962 0.3172020725388601 0.04721374045801526 0.05740932642487047
0 0.4304580152671756 0.3794818652849741 0.08232824427480916 0.09803108808290156
0 0.36805343511450384 0.42922279792746115 0.13290076335877862 0.15264248704663214
0 0.37732824427480915 0.3130051813471502 0.050381679389312976 0.04062176165803109