0 0.05345454545454545 0.3965027322404372 0.08385454545454545 0.05885245901639344
0 0.049236363636363634 0.5352459016393443 0.09781818181818182 0.26060109289617484
0 0.14574545454545454 0.5170491803278688 0.13974545454545453 0.26060109289617484
0 0.22687272727272728 0.48131147540983604 0.084 0.22278688524590165
0 0.29025454545454543 0.48060109289617486 0.08029090909090908 0.19617486338797813
0 0.3727636363636364 0.5226229508196721 0.09429090909090909 0.2718032786885246
0 0.4655272727272728 0.5660655737704918 0.09865454545454545 0.3166666666666667
0 0.6478181818181818 0.6886885245901639 0.3609818181818182 0.43573770491803276
0 0.9055636363636363 0.4778142076502732 0.10414545454545454 0.06726775956284153
0 0.6137454545454546 0.42874316939890705 0.04643636363636364 0.09245901639344263
0 0.5289090909090909 0.43573770491803276 0.05574545454545454 0.07005464480874317
0 0.8197818181818182 0.46377049180327873 0.046363636363636364 0.11207650273224044
0 0.7713090909090909 0.4490710382513662 0.05570909090909091 0.09666666666666668
0 0.686 0.43508196721311476 0.0757090909090909 0.0910928961748634