0 0.12525835866261398 0.15771241830065358 0.03413373860182371 0.06045751633986928
0 0.171580547112462 0.16339869281045752 0.03565349544072949 0.06535947712418301
0 0.15373860182370822 0.10542483660130718 0.033373860182370825 0.03758169934640523
0 0.18376899696048632 0.11196078431372548 0.04033434650455927 0.03758169934640523
0 0.3 0.09071895424836601 0.019088145896656535 0.04084967320261438
0 0.38358662613981764 0.3162091503267974 0.022127659574468085 0.09313725490196079
0 0.40790273556231 0.10705882352941176 0.01303951367781155 0.04738562091503268
0 0.45993920972644375 0.2222222222222222 0.03507598784194529 0.07516339869281045
0 0.5552887537993921 0.35947712418300654 0.04650455927051672 0.09477124183006536
0 0.6362006079027356 0.3439869281045752 0.03054711246200608 0.08333333333333333
0 0.5712462006079028 0.14627450980392157 0.026747720364741642 0.05718954248366013
0 0.6327963525835866 0.21980392156862746 0.04954407294832827 0.08333333333333333