0 0.08463917525773196 0.6282658959537573 0.10962199312714777 0.23919075144508672
0 0.1734364261168385 0.6340462427745664 0.10969072164948454 0.19028901734104048
0 0.2648797250859106 0.6363005780346821 0.08542955326460482 0.18583815028901735
0 0.32697594501718213 0.651849710982659 0.061683848797250855 0.1654335260115607
0 0.3779725085910653 0.642485549132948 0.049553264604811 0.21606936416184971
0 0.4400687285223368 0.6611560693641618 0.06807560137457044 0.20011560693641617
0 0.49054982817869414 0.6509826589595376 0.06759450171821306 0.1707514450867052
0 0.5700687285223367 0.6327167630057803 0.1072852233676976 0.2498843930635838
0 0.6248109965635739 0.6353757225433526 0.052886597938144334 0.20184971098265897
0 0.6837457044673539 0.6447398843930636 0.07776632302405498 0.1760693641618497
0 0.7360481099656357 0.6536416184971098 0.04714776632302406 0.15826589595375723
0 0.8541924398625429 0.6536416184971098 0.19467353951890035 0.17965317919075144