0 0.2580727272727273 0.7272131147540984 0.28236363636363637 0.21579234972677597
0 0.15505454545454544 0.5457377049180329 0.0484 0.035027322404371584
0 0.23432727272727272 0.5282513661202186 0.05956363636363636 0.09530054644808744
0 0.3154181818181818 0.5772677595628415 0.1192 0.09245901639344263
0 0.5713454545454546 0.5913114754098361 0.17414545454545455 0.12890710382513662
0 0.7088363636363637 0.5317486338797814 0.10792727272727273 0.0910928961748634
0 0.6673454545454546 0.505792349726776 0.11258181818181819 0.08404371584699454
0 0.8263272727272728 0.526120218579235 0.07061818181818183 0.10508196721311476
0 0.9074181818181818 0.5170491803278688 0.059418181818181814 0.03644808743169399
0 0.9125454545454545 0.47710382513661204 0.02490909090909091 0.029398907103825134
0 0.9452 0.47639344262295086 0.028618181818181817 0.03081967213114754
0 0.9400727272727272 0.5030054644808744 0.023963636363636364 0.0280327868852459
0 0.5582909090909091 0.47710382513661204 0.039890909090909095 0.02103825136612022
0 0.5158545454545455 0.48409836065573775 0.029672727272727274 0.01819672131147541
0 0.3256727272727273 0.49251366120218576 0.07447272727272727 0.029398907103825134