0 0.07695014662756598 0.21743243243243243 0.08718475073313783 0.12648648648648647
0 0.259266862170088 0.21831081081081083 0.08187683284457478 0.12128378378378378
0 0.07733137829912023 0.7475675675675676 0.08642228739002933 0.12304054054054055
0 0.2596480938416422 0.7458108108108108 0.08263929618768329 0.12304054054054055
0 0.396099706744868 0.22175675675675677 0.08785923753665689 0.12472972972972973
0 0.5994721407624634 0.21918918918918917 0.08102639296187683 0.12304054054054055
0 0.4412023460410557 0.35952702702702705 0.08785923753665689 0.11952702702702704
0 0.5566275659824047 0.3638513513513514 0.07985337243401759 0.12128378378378378
0 0.5870674486803519 0.5396621621621622 0.08331378299120235 0.12304054054054055
0 0.4201759530791789 0.6618243243243244 0.08656891495601172 0.12128378378378378
0 0.46378299120234606 0.8030405405405405 0.08958944281524926 0.12304054054054055
0 0.5915835777126099 0.7631756756756757 0.0806158357771261 0.12304054054054055
0 0.7419648093841642 0.20966216216216216 0.08665689149560117 0.12817567567567567
0 0.7378299120234604 0.36209459459459464 0.08741935483870968 0.12128378378378378
0 0.8573607038123168 0.27635135135135136 0.07991202346041056 0.12648648648648647
0 0.9397067448680352 0.20702702702702702 0.08219941348973607 0.12648648648648647
0 0.8216715542521994 0.43662162162162166 0.08818181818181818 0.13168918918918918
0 0.7329325513196481 0.5344594594594594 0.08777126099706745 0.12648648648648647
0 0.9269208211143695 0.4210135135135135 0.077683284457478 0.12128378378378378
0 0.7314369501466276 0.7008108108108108 0.08665689149560117 0.12304054054054055
0 0.8641348973607038 0.6756756756756757 0.08293255131964809 0.12472972972972973
0 0.9400879765395894 0.6418918918918919 0.08293255131964809 0.12304054054054055
0 0.7927272727272727 0.8168918918918919 0.09043988269794721 0.12304054054054055
0 0.9385630498533725 0.8030405405405405 0.08293255131964809 0.12648648648648647