0 0.19677272727272727 0.7079039301310044 0.07295454545454545 0.03589519650655022
0 0.38736363636363635 0.7343668122270742 0.09077272727272727 0.04611353711790393
0 0.30072727272727273 0.6892139737991267 0.05418181818181818 0.036375545851528385
0 0.39136363636363636 0.6732314410480349 0.0385 0.032489082969432315
0 0.3535 0.6406986899563318 0.03345454545454546 0.028646288209606983
0 0.27904545454545454 0.6363318777292576 0.04109090909090909 0.02960698689956332
0 0.12177272727272727 0.6424017467248909 0.04472727272727273 0.03685589519650655
0 0.4562727272727273 0.6557641921397379 0.021772727272727273 0.02960698689956332
0 0.5037272727272727 0.6802620087336244 0.04490909090909091 0.034934497816593885
0 0.5645454545454546 0.6503930131004366 0.04945454545454546 0.02960698689956332
0 0.6155454545454545 0.6501746724890829 0.03840909090909091 0.025240174672489082
0 0.7102272727272727 0.6419213973799127 0.04604545454545455 0.032008733624454146
0 0.6057272727272727 0.717117903930131 0.0833181818181818 0.046593886462882095
0 0.7470909090909091 0.6744104803493449 0.08340909090909092 0.034934497816593885