0 0.15383870967741936 0.7142592592592593 0.06290322580645161 0.17635802469135803
0 0.6702903225806451 0.6496296296296296 0.08351612903225807 0.07938271604938271
0 0.23793548387096775 0.6658024691358024 0.0636774193548387 0.0734567901234568
0 0.28519354838709676 0.6444444444444445 0.05383870967741936 0.10141975308641975
0 0.5770000000000001 0.7003086419753086 0.056677419354838714 0.19253086419753088
0 0.4260967741935484 0.648888888888889 0.07438709677419354 0.08376543209876543
0 0.5155483870967742 0.5937654320987654 0.08125806451612903 0.07055555555555555
0 0.5297741935483871 0.6591975308641975 0.03932258064516129 0.08376543209876543
0 0.4844516129032258 0.7245679012345678 0.08051612903225806 0.22635802469135805
0 0.7770645161290323 0.6275925925925926 0.07890322580645162 0.1587037037037037
0 0.7977741935483871 0.585679012345679 0.06506451612903226 0.1837037037037037
0 0.9026129032258065 0.595246913580247 0.14261290322580644 0.18814814814814815
0 0.9486774193548386 0.6540123456790123 0.10264516129032258 0.20870370370370372