0 0.040903225806451615 0.6429447852760736 0.0744516129032258 0.09300613496932515
0 0.18341935483870966 0.646441717791411 0.0717741935483871 0.09300613496932515
0 0.21687096774193548 0.6496932515337424 0.06280645161290323 0.08644171779141104
0 0.2635483870967742 0.6479754601226995 0.05990322580645161 0.08294478527607362
0 0.4249677419354839 0.6495092024539878 0.07906451612903226 0.08337423312883435
0 0.7326774193548387 0.6468711656441718 0.05893548387096774 0.0850920245398773
0 0.8250645161290323 0.6503680981595092 0.07861290322580645 0.09214723926380368
0 0.9114516129032258 0.6484049079754601 0.07051612903225807 0.08208588957055216
0 0.9660645161290323 0.6514110429447854 0.05864516129032258 0.0888957055214724
0 0.5319032258064516 0.6507975460122699 0.07696774193548386 0.08404907975460123
0 0.5854516129032258 0.6514110429447854 0.05012903225806451 0.09239263803680982