0 0.6994666666666667 0.7970222222222223 0.1032 0.1139111111111111
0 0.9154222222222222 0.6489333333333333 0.05097777777777778 0.08800000000000001
0 0.6202666666666666 0.6978666666666667 0.03537777777777778 0.05475555555555556
0 0.5372888888888889 0.8118222222222222 0.06244444444444445 0.11764444444444444
0 0.18635555555555555 0.8594666666666666 0.06293333333333333 0.06964444444444444
0 0.2724888888888889 0.8308 0.06373333333333334 0.06666666666666667
0 0.34053333333333335 0.8416 0.06368888888888889 0.07555555555555556
0 0.7144444444444444 0.6599555555555556 0.03737777777777778 0.06275555555555555
0 0.5972444444444445 0.7698666666666667 0.03911111111111112 0.08551111111111111
0 0.5148444444444444 0.7407555555555555 0.029822222222222222 0.0584
0 0.44195555555555555 0.7825333333333333 0.03693333333333334 0.0815111111111111
0 0.8747555555555555 0.6047111111111111 0.027911111111111112 0.044088888888888886
0 0.48417777777777776 0.7707555555555555 0.03782222222222222 0.0784