0 0.42543478260869566 0.6142622950819672 0.30771739130434783 0.24584699453551914
0 0.18079710144927535 0.4137704918032787 0.2508695652173913 0.23737704918032784
0 0.723804347826087 0.37639344262295077 0.19826086956521738 0.1862295081967213
0 0.8481884057971014 0.33546448087431696 0.07778985507246376 0.15885245901639344
0 0.7943115942028985 0.21830601092896176 0.08909420289855072 0.08245901639344262
0 0.6487318840579711 0.24081967213114755 0.11391304347826088 0.09344262295081968
0 0.49967391304347825 0.19054644808743168 0.049963768115942025 0.07153005464480874
0 0.32413043478260867 0.24387978142076505 0.09159420289855073 0.13278688524590165
0 0.37326086956521737 0.13540983606557377 0.05481884057971015 0.07672131147540984
0 0.43413043478260865 0.15726775956284153 0.03945652173913044 0.0614207650273224
0 0.8671739130434782 0.21153005464480876 0.08221014492753624 0.07852459016393443
0 0.16967391304347826 0.11289617486338797 0.05684782608695652 0.05180327868852459
0 0.6309782608695652 0.13431693989071036 0.05384057971014493 0.0614207650273224
0 0.7063405797101449 0.19207650273224042 0.07840579710144928 0.0719672131147541
0 0.13134057971014493 0.15530054644808744 0.07815217391304348 0.0644808743169399
0 0.09434782608695652 0.17846994535519123 0.051884057971014495 0.09683060109289617
0 0.9698913043478261 0.19726775956284154 0.04014492753623188 0.06147540983606557
0 0.9864855072463767 0.2159016393442623 0.027028985507246375 0.048797814207650274
0 0.014565217391304347 0.13562841530054645 0.029094202898550723 0.0692896174863388
0 0.582536231884058 0.13628415300546448 0.02666666666666667 0.050491803278688525
0 0.09409420289855072 0.10852459016393443 0.03927536231884058 0.05005464480874317
0 0.04771739130434782 0.10459016393442623 0.050905797101449275 0.05092896174863388