0 0.663132911392405 0.4520625 0.11025316455696203 0.1291875
0 0.7508860759493671 0.475 0.060000000000000005 0.125
0 0.830759493670886 0.5583125 0.11952531645569621 0.25
0 0.9183227848101265 0.4926875 0.10620253164556963 0.11043750000000001
0 0.9420253164556962 0.44375 0.05724683544303798 0.0625
0 0.4258544303797468 0.4104375 0.07848101265822785 0.0875
0 0.4793670886075949 0.377625 0.07164556962025316 0.0801875
0 0.3686392405063291 0.3760625 0.04443037974683544 0.0729375
0 0.043069620253164555 0.3833125 0.04237341772151899 0.1
0 0.17063291139240508 0.525 0.1494620253164557 0.2666875
0 0.3702848101265823 0.6635625 0.42696202531645566 0.43543750000000003
0 0.5455379746835443 0.3979375 0.0395253164556962 0.0708125