0 0.3312455516014235 0.8297222222222221 0.47587188612099646 0.34061111111111114
0 0.8677224199288257 0.7074444444444444 0.23476868327402134 0.31477777777777777
0 0.887153024911032 0.43805555555555553 0.04117437722419929 0.08711111111111111
0 0.7434163701067615 0.39772222222222225 0.059857651245551605 0.07544444444444444
0 0.5564768683274022 0.5156666666666666 0.07483985765124555 0.10294444444444445
0 0.6534875444839857 0.5815555555555556 0.050391459074733094 0.1383888888888889
0 0.42530249110320284 0.6373888888888889 0.06419928825622775 0.16394444444444445
0 0.3210320284697509 0.5539444444444445 0.05594306049822064 0.11155555555555555
0 0.29491103202846974 0.5305555555555556 0.048825622775800714 0.10650000000000001
0 0.3884697508896797 0.4896111111111111 0.048576512455516016 0.10322222222222222
0 0.8168327402135231 0.5006666666666667 0.04120996441281139 0.08488888888888889
0 0.8334875444839858 0.3788333333333333 0.026120996441281137 0.05461111111111111
0 0.4408185053380783 0.4737777777777778 0.03505338078291815 0.04622222222222223
0 0.48252669039145907 0.5269444444444444 0.03590747330960854 0.1213888888888889
0 0.4376868327402135 0.5545 0.09142348754448398 0.13027777777777777
0 0.6577224199288256 0.5057777777777778 0.10444839857651246 0.13516666666666666