0 0.4752903225806452 0.7723312883435582 0.36196774193548387 0.4553374233128834
0 0.4754193548387097 0.5530674846625767 0.18267741935483872 0.19202453987730062
0 0.4093548387096774 0.40662576687116564 0.14461290322580644 0.29184049079754604
0 0.5281290322580645 0.31901840490797545 0.079 0.18662576687116567
0 0.2930967741935484 0.35822085889570554 0.060387096774193544 0.15730061349693253
0 0.21683870967741936 0.404478527607362 0.07567741935483871 0.09288343558282208
0 0.6789677419354838 0.3249079754601227 0.06538709677419355 0.06607361963190184
0 0.2156774193548387 0.3079754601226994 0.03558064516129032 0.043680981595092025
0 0.7371290322580645 0.27625766871165647 0.07251612903225807 0.05815950920245399
0 0.6426774193548387 0.2531901840490798 0.034774193548387095 0.05159509202453988
0 0.8151290322580645 0.2726993865030675 0.05106451612903226 0.05116564417177914
0 0.1298709677419355 0.37883435582822084 0.09851612903225807 0.12312883435582822
0 0.881 0.2606748466257669 0.03538709677419355 0.03668711656441718
0 0.3435483870967742 0.2714110429447853 0.04338709677419355 0.046748466257668715