0 0.8619999999999999 0.4326805555555555 0.1918046875 0.4431527777777778
0 0.702265625 0.2705694444444445 0.1301484375 0.23002777777777778
0 0.9821328125000001 0.30130555555555555 0.035726562499999996 0.20204166666666667
0 0.5207734375 0.47191666666666665 0.19946875 0.5025000000000001
0 0.90796875 0.2161388888888889 0.031140624999999998 0.11652777777777779
0 0.6061093750000001 0.22094444444444447 0.02790625 0.09743055555555556
0 0.4518359375 0.22701388888888888 0.0318671875 0.10473611111111111
0 0.3178828125 0.36287499999999995 0.15946875 0.5028472222222222
0 0.11166406250000001 0.3917361111111111 0.10471875 0.43595833333333334
0 0.1459140625 0.22668055555555558 0.087390625 0.1341527777777778
0 0.06443750000000001 0.5034166666666666 0.12886718749999998 0.615375