0 0.0426969696969697 0.780468085106383 0.0853939393939394 0.308
0 0.06592424242424243 0.5740425531914893 0.09439393939393939 0.11659574468085106
0 0.22757575757575757 0.5782978723404255 0.10046969696969697 0.09104255319148936
0 0.27195454545454545 0.5607021276595744 0.1597727272727273 0.23372340425531915
0 0.20199999999999999 0.7291702127659574 0.23831818181818182 0.26674468085106384
0 0.3871060606060606 0.6340425531914894 0.09962121212121212 0.294468085106383
0 0.4889090909090909 0.634468085106383 0.12631818181818183 0.2680851063829787
0 0.45949999999999996 0.461936170212766 0.1094090909090909 0.1076595744680851
0 0.5814545454545454 0.550468085106383 0.12240909090909091 0.13495744680851063
0 0.5958484848484848 0.7069148936170213 0.06937878787878787 0.2512553191489362
0 0.7002272727272727 0.5721702127659575 0.08601515151515152 0.1392340425531915
0 0.679939393939394 0.773872340425532 0.14728787878787877 0.2914255319148936
0 0.9586060606060606 0.7564255319148936 0.08278787878787879 0.3007872340425532
0 0.8894393939393939 0.7218085106382979 0.09292424242424242 0.2418936170212766
0 0.8264090909090909 0.6713617021276597 0.11718181818181819 0.2235744680851064
0 0.20834848484848484 0.3576170212765958 0.08137878787878788 0.050574468085106385
0 0.15804545454545454 0.5102340425531915 0.07772727272727273 0.15070212765957447
0 0.07124242424242425 0.4746595744680851 0.098 0.0983404255319149
0 0.817469696969697 0.5647234042553192 0.15203030303030304 0.15412765957446808
0 0.7518939393939394 0.31972340425531914 0.13366666666666666 0.05076595744680851
0 0.8661212121212121 0.32461702127659575 0.12945454545454546 0.053744680851063834