0 0.43421370967741935 0.42584158415841583 0.0922983870967742 0.6265346534653465
0 0.8551008064516129 0.49405940594059405 0.23211693548387097 0.6985148514851485
0 0.638508064516129 0.5222772277227723 0.18379032258064515 0.6088118811881188
0 0.08282258064516129 0.24277227722772277 0.09669354838709678 0.325049504950495
0 0.2801814516129032 0.2298019801980198 0.09211693548387097 0.2594059405940594
0 0.3577620967741935 0.24435643564356435 0.08695564516129033 0.25534653465346535
0 0.5264717741935484 0.35435643564356434 0.11449596774193548 0.43564356435643564
0 0.13945564516129033 0.2083168316831683 0.05469758064516129 0.26495049504950496
0 0.6074395161290324 0.20475247524752474 0.0575 0.1425742574257426
0 0.7468548387096774 0.16772277227722773 0.04344758064516129 0.10821782178217822
0 0.6619758064516128 0.17920792079207923 0.05195564516129032 0.08524752475247524
0 0.6278024193548387 0.11712871287128714 0.04219758064516129 0.06752475247524753
0 0.5138709677419355 0.12237623762376237 0.05455645161290322 0.08207920792079207
0 0.5794354838709677 0.1301980198019802 0.01844758064516129 0.09148514851485148