0 0.3919636363636364 0.674863387978142 0.17894545454545455 0.2612021857923497
0 0.2226909090909091 0.5926229508196722 0.13596363636363637 0.20513661202185793
0 0.5432 0.5379781420765027 0.13236363636363635 0.11852459016393443
0 0.5353454545454546 0.46491803278688526 0.08523636363636364 0.06863387978142077
0 0.698509090909091 0.7024043715846994 0.39872727272727276 0.3774863387978142
0 0.9068 0.480655737704918 0.04730909090909091 0.06163934426229508
0 0.7885454545454545 0.44459016393442624 0.08138181818181818 0.05333333333333333
0 0.8160363636363637 0.37486338797814206 0.07527272727272727 0.06333333333333334
0 0.10389090909090909 0.4281967213114754 0.03796363636363636 0.04060109289617486
0 0.3324727272727273 0.41049180327868856 0.041381818181818186 0.03754098360655738
0 0.5907636363636364 0.39322404371584696 0.0256 0.07557377049180328
0 0.7241454545454545 0.40918032786885244 0.05669090909090909 0.0471584699453552
0 0.5160363636363636 0.40459016393442626 0.0448 0.04234972677595628
0 0.4123272727272727 0.41158469945355186 0.05443636363636364 0.05284153005464481
0 0.4703636363636363 0.39234972677595625 0.0524 0.0353551912568306