0 0.2627681660899654 0.7248275862068966 0.09615916955017301 0.17735632183908046
0 0.12494809688581315 0.6168965517241379 0.08238754325259515 0.11839080459770115
0 0.34795847750865055 0.5960344827586207 0.060865051903114184 0.08517241379310345
0 0.5622837370242214 0.6607471264367816 0.06474048442906574 0.12936781609195402
0 0.788719723183391 0.7262643678160919 0.11401384083044984 0.1614367816091954
0 0.8870934256055364 0.5834482758620689 0.08550173010380623 0.06557471264367816
0 0.7547750865051903 0.5844252873563218 0.036262975778546716 0.06333333333333332
0 0.6494117647058824 0.5701149425287356 0.029861591695501732 0.06160919540229885
0 0.5150865051903115 0.5797701149425287 0.054671280276816614 0.06649425287356323
0 0.4050519031141869 0.5521839080459771 0.04757785467128028 0.05344827586206897
0 0.2509342560553633 0.5658620689655172 0.0686159169550173 0.06666666666666667
0 0.16391003460207612 0.5579310344827586 0.06034602076124568 0.07626436781609196
0 0.461522491349481 0.564080459770115 0.03269896193771626 0.05333333333333333
0 0.729273356401384 0.5349425287356322 0.030242214532871972 0.04011494252873563
0 0.7895501730103807 0.5363218390804597 0.03477508650519032 0.040862068965517244
0 0.8686505190311419 0.5328735632183907 0.03439446366782007 0.04109195402298851