0 0.798731884057971 0.7006557377049181 0.15989130434782609 0.24109289617486337
0 0.9085869565217392 0.49245901639344264 0.09688405797101449 0.13950819672131148
0 0.6032971014492753 0.44786885245901636 0.051884057971014495 0.07825136612021857
0 0.36217391304347823 0.43387978142076505 0.051811594202898555 0.07125683060109289
0 0.14858695652173912 0.639672131147541 0.12536231884057972 0.23710382513661202
0 0.1580072463768116 0.4692896174863388 0.06768115942028985 0.08437158469945355
0 0.08713768115942029 0.4351912568306011 0.07431159420289855 0.08262295081967212
0 0.42590579710144927 0.44196721311475407 0.02177536231884058 0.06557377049180328
0 0.02996376811594203 0.4684153005464481 0.05992753623188406 0.08262295081967212
0 0.6577536231884058 0.46185792349726773 0.03811594202898551 0.09311475409836065
0 0.6867391304347826 0.4736065573770492 0.05532608695652174 0.09229508196721312
0 0.2242391304347826 0.390983606557377 0.02108695652173913 0.021092896174863388