0 0.37059748427672956 0.4622012578616352 0.3447798742138365 0.38396226415094337
0 0.7081446540880503 0.4786163522012578 0.11261006289308177 0.09062893081761006
0 0.8579874213836477 0.6244654088050315 0.1449056603773585 0.2816352201257862
0 0.5878930817610063 0.5118238993710692 0.1010377358490566 0.11106918238993711
0 0.9663836477987422 0.629874213836478 0.06723270440251572 0.18056603773584906
0 0.6989308176100628 0.9344025157232704 0.1990251572327044 0.1311949685534591
0 0.44336477987421385 0.9337106918238994 0.2981761006289308 0.13257861635220125
0 0.9659433962264151 0.890566037735849 0.06814465408805032 0.21880503144654087
0 0.20040880503144654 0.8409433962264151 0.4007861635220126 0.3181761006289308
0 0.20569182389937105 0.9089937106918239 0.23062893081761007 0.1819496855345912
0 0.3318867924528302 0.8306918238993711 0.17770440251572325 0.1579874213836478
0 0.5397484276729559 0.8452201257861635 0.17650943396226415 0.30937106918238994
0 0.5914465408805032 0.6288679245283019 0.27773584905660376 0.2172955974842767