0 0.5534545454545454 0.8005464480874317 0.13138181818181818 0.13349726775956283
0 0.16392727272727273 0.7353551912568306 0.05843636363636364 0.05306010928961749
0 0.07643636363636364 0.73224043715847 0.062 0.05934426229508196
0 0.021636363636363638 0.7493989071038251 0.03098181818181818 0.0562295081967213
0 0.6962545454545455 0.7509836065573771 0.04316363636363636 0.08431693989071039
0 0.7289454545454546 0.7271584699453552 0.029709090909090907 0.06169398907103825
0 0.8717818181818182 0.7134972677595628 0.04534545454545455 0.034371584699453554
0 0.9491272727272727 0.7103825136612022 0.02567272727272727 0.04060109289617486
0 0.9288727272727273 0.6807103825136611 0.027309090909090908 0.031202185792349728
0 0.5240727272727272 0.7053005464480874 0.03112727272727273 0.050765027322404364
0 0.2672727272727273 0.7018032786885247 0.04912727272727273 0.042131147540983606
0 0.6391272727272727 0.6892896174863388 0.03276363636363636 0.0359016393442623
0 0.4708363636363636 0.6943715846994535 0.0368 0.03355191256830601