0 0.5110545454545454 0.5935519125683061 0.21760000000000002 0.6686885245901639
0 0.15985454545454547 0.532568306010929 0.3174181818181818 0.5142622950819672
0 0.3684 0.48420765027322404 0.14694545454545455 0.4534426229508197
0 0.8215636363636364 0.4881420765027322 0.09909090909090909 0.43508196721311476
0 0.7037818181818182 0.4848633879781421 0.1904727272727273 0.4626229508196721
0 0.3425090909090909 0.49945355191256835 0.1429090909090909 0.4789617486338798
0 0.788690909090909 0.15923497267759562 0.0392 0.07459016393442623
0 0.5356727272727273 0.14721311475409837 0.05207272727272727 0.056612021857923495
0 0.43618181818181817 0.14786885245901638 0.043963636363636364 0.05530054644808743
0 0.35356363636363636 0.20781420765027322 0.04865454545454546 0.0894535519125683
0 0.2482909090909091 0.1644808743169399 0.06381818181818182 0.07459016393442623
0 0.6548363636363637 0.14131147540983607 0.030072727272727272 0.04393442622950819
0 0.37465454545454546 0.1430601092896175 0.03905454545454545 0.04743169398907104
0 0.5850909090909091 0.13803278688524592 0.036945454545454545 0.050491803278688525
0 0.8765454545454546 0.25546448087431695 0.09385454545454545 0.14459016393442622
0 0.9498181818181818 0.4768306010928962 0.10036363636363636 0.49415300546448093
0 0.035236363636363635 0.19382513661202186 0.049054545454545455 0.09644808743169399
0 0.03803636363636364 0.2650819672131147 0.07603636363636364 0.04836065573770491
0 0.19854545454545455 0.26759562841530055 0.11094545454545456 0.11633879781420764
0 0.7162909090909091 0.22579234972677595 0.0689090909090909 0.07038251366120218
0 0.9708000000000001 0.22710382513661204 0.058399999999999994 0.08174863387978143
0 0.6358545454545455 0.26431693989071037 0.09247272727272728 0.14737704918032787
0 0.7821818181818182 0.2321311475409836 0.06043636363636364 0.07868852459016394
0 0.03512727272727273 0.1540983606557377 0.07021818181818182 0.06688524590163934
0 0.17381818181818182 0.17814207650273226 0.04170909090909091 0.09923497267759562
0 0.20116363636363638 0.16765027322404372 0.031236363636363635 0.06775956284153006
0 0.2878545454545454 0.3986338797814208 0.07698181818181819 0.18721311475409835
0 0.5600727272727273 0.23098360655737707 0.06021818181818182 0.06759562841530055