0 0.8810038610038611 0.5601546391752578 0.08451737451737452 0.05329896907216495
0 0.917027027027027 0.4302061855670103 0.07934362934362935 0.06912371134020619
0 0.8583011583011584 0.22824742268041237 0.07065637065637066 0.09479381443298969
0 0.7515444015444016 0.41814432989690725 0.060424710424710426 0.07257731958762886
0 0.7457142857142857 0.5547938144329897 0.06428571428571428 0.05025773195876289
0 0.6426254826254826 0.0954639175257732 0.08266409266409266 0.06463917525773195
0 0.5830888030888032 0.16999999999999998 0.06787644787644787 0.06680412371134022
0 0.47359073359073356 0.2551030927835052 0.04505791505791506 0.10644329896907216
0 0.47760617760617763 0.6011340206185567 0.058185328185328185 0.07340206185567011
0 0.5496525096525097 0.6896907216494846 0.0788030888030888 0.03726804123711341
0 0.383011583011583 0.7391237113402062 0.04915057915057915 0.07072164948453609
0 0.24552123552123553 0.29051546391752575 0.03401544401544402 0.081340206185567
0 0.3662934362934363 0.3455154639175258 0.07231660231660232 0.0572680412371134
0 0.40169884169884174 0.41128865979381446 0.07104247104247104 0.05463917525773196
0 0.33768339768339767 0.5186597938144331 0.06907335907335907 0.06314432989690721
0 0.33154440154440157 0.6007731958762886 0.07486486486486486 0.04505154639175258
0 0.22536679536679535 0.5384536082474226 0.05814671814671815 0.07175257731958763
0 0.30177606177606175 0.681340206185567 0.048841698841698845 0.09958762886597938
0 0.2807335907335907 0.7584536082474226 0.07355212355212355 0.06474226804123712
0 0.13478764478764477 0.8235567010309279 0.0596911196911197 0.06768041237113402
0 0.40243243243243243 0.12298969072164948 0.0716988416988417 0.043092783505154636
0 0.3397297297297297 0.12587628865979383 0.051351351351351354 0.0736082474226804
0 0.13204633204633207 0.6992268041237114 0.04679536679536679 0.049226804123711346