0 0.39525806451612905 0.5710429447852761 0.1703225806451613 0.2893251533742331
0 0.2590967741935484 0.5611656441717792 0.061129032258064514 0.11969325153374234
0 0.20770967741935484 0.493680981595092 0.07361290322580645 0.0758282208588957
0 0.13861290322580644 0.5085889570552148 0.038612903225806454 0.08809815950920245
0 0.07732258064516129 0.40950920245398775 0.07087096774193548 0.058220858895705524
0 0.4981290322580645 0.6185889570552147 0.08987096774193548 0.16969325153374235
0 0.5588387096774193 0.5296319018404908 0.047677419354838706 0.11263803680981595
0 0.6598387096774194 0.5579141104294478 0.12941935483870967 0.2700613496932516
0 0.48832258064516126 0.46036809815950924 0.11499999999999999 0.15644171779141106
0 0.7241290322580645 0.49975460122699383 0.1336774193548387 0.1749079754601227
0 0.9222580645161289 0.6078527607361963 0.08558064516129033 0.09300613496932515
0 0.8108709677419355 0.5366257668711656 0.054064516129032264 0.07760736196319018