0 0.16014558823529412 0.17532181425485963 0.18981176470588235 0.28498704103671707
0 0.16631764705882354 0.5095464362850971 0.2198044117647059 0.25277969762419006
0 0.029744117647058824 0.7183995680345573 0.038641176470588234 0.09230885529157667
0 0.4939132352941177 0.17683369330453563 0.21146617647058824 0.2785075593952484
0 0.8156323529411765 0.17791144708423326 0.1254955882352941 0.25214686825053995
0 0.5050823529411764 0.48901511879049675 0.2714529411764706 0.21777105831533478
0 0.7660838235294117 0.5425745140388769 0.10463088235294118 0.08644708423326133
0 0.8256176470588235 0.4870669546436285 0.30311029411764706 0.1974643628509719
0 0.1564705882352941 0.8293002159827213 0.17363970588235295 0.26680561555075594
0 0.16544558823529412 0.8480885529157668 0.09688529411764707 0.22231101511879048
0 0.5177352941176471 0.8100669546436285 0.17852352941176472 0.2283390928725702
0 0.4221676470588235 0.748695464362851 0.11091764705882354 0.1470691144708423
0 0.7624014705882353 0.8208812095032397 0.1855029411764706 0.30007127429805613
0 0.847685294117647 0.8981965442764578 0.14430588235294117 0.09703023758099352
0 0.451575 0.928866090712743 0.10796764705882352 0.057298056155507565
0 0.5011220588235294 0.5382613390928725 0.12413088235294117 0.10544924406047516