0 0.20825352112676057 0.7798591549295775 0.158056338028169 0.2441549295774648
0 0.3966478873239437 0.8058450704225353 0.1500845070422535 0.2528873239436619
0 0.6872676056338027 0.8140140845070423 0.19588732394366198 0.23873239436619717
0 0.5502253521126761 0.6202816901408451 0.09726760563380282 0.0965492957746479
0 0.3447323943661972 0.6498591549295775 0.0819718309859155 0.16535211267605635
0 0.21061971830985915 0.5932394366197182 0.07811267605633802 0.12253521126760562
0 0.5901971830985916 0.7649295774647887 0.1351830985915493 0.3076056338028169
0 0.8416338028169014 0.7502816901408451 0.08349295774647887 0.20478873239436618
0 0.9734647887323943 0.6327464788732394 0.04735211267605634 0.11049295774647887
0 0.2767042253521127 0.5501408450704226 0.04991549295774648 0.08070422535211268
0 0.026816901408450704 0.5319718309859155 0.04467605633802817 0.08232394366197182
0 0.01591549295774648 0.6194366197183098 0.031802816901408446 0.1056338028169014
0 0.7962253521126761 0.6186619718309859 0.09222535211267606 0.10830985915492958
0 0.12583098591549297 0.5970422535211267 0.06766197183098592 0.12577464788732393