0 0.8355636363636364 0.6078688524590163 0.11032727272727273 0.14382513661202187
0 0.6242545454545454 0.5888524590163935 0.19254545454545455 0.1512568306010929
0 0.09116363636363636 0.5138251366120219 0.18232727272727273 0.2181967213114754
0 0.9184363636363636 0.5151912568306011 0.06672727272727273 0.07038251366120218
0 0.42356363636363636 0.538415300546448 0.14014545454545455 0.1491256830601093
0 0.25730909090909093 0.4642622950819672 0.056836363636363636 0.05333333333333333
0 0.7266181818181818 0.4985792349726776 0.02090909090909091 0.06519125683060109
0 0.6325090909090909 0.49245901639344264 0.07709090909090908 0.06344262295081966
0 0.1556 0.3975409836065574 0.043454545454545454 0.04737704918032787
0 0.7752363636363636 0.5034426229508197 0.05672727272727272 0.05508196721311476
0 0.8193090909090909 0.49661202185792347 0.05036363636363636 0.041420765027322407
0 0.514 0.4616393442622951 0.05814545454545455 0.02622950819672131
0 0.20727272727272728 0.5457377049180329 0.08585454545454545 0.15551912568306012