0 0.797992277992278 0.7438659793814433 0.06525096525096524 0.1397938144329897
0 0.6601544401544401 0.567680412371134 0.07073359073359073 0.08984536082474226
0 0.5391891891891892 0.8495876288659794 0.1711196911196911 0.2481443298969072
0 0.26895752895752895 0.6020618556701031 0.05285714285714285 0.062319587628865976
0 0.3703088803088803 0.6538659793814433 0.07664092664092664 0.07572164948453608
0 0.1255212355212355 0.6177835051546392 0.04135135135135135 0.07221649484536083
0 0.06664092664092665 0.6585567010309279 0.04166023166023166 0.08345360824742269
0 0.1928957528957529 0.5634020618556701 0.0532046332046332 0.10788659793814433
0 0.5094208494208494 0.5133505154639175 0.06853281853281853 0.06360824742268041
0 0.37096525096525096 0.5042783505154639 0.057335907335907335 0.05412371134020619
0 0.5183011583011583 0.5790721649484536 0.0637065637065637 0.059329896907216496
0 0.752972972972973 0.4869072164948453 0.04722007722007722 0.07520618556701031
0 0.5789189189189189 0.597319587628866 0.04984555984555985 0.07340206185567011