0 0.8021857923497269 0.5773818181818182 0.32016393442622954 0.07665454545454545
0 0.7545901639344262 0.4346181818181818 0.10923497267759562 0.053854545454545454
0 0.34672131147540985 0.5355272727272727 0.2523497267759563 0.09545454545454546
0 0.1655191256830601 0.5228 0.11010928961748633 0.0796
0 0.32459016393442625 0.4357090909090909 0.10016393442622949 0.04145454545454546
0 0.5710928961748634 0.5144727272727272 0.09442622950819672 0.08261818181818181
0 0.4778688524590164 0.4590181818181818 0.09196721311475409 0.05305454545454545
0 0.41349726775956286 0.43283636363636363 0.04885245901639344 0.03658181818181818
0 0.06469945355191256 0.44756363636363633 0.1026775956284153 0.047563636363636363
0 0.2685792349726776 0.4699272727272727 0.08163934426229508 0.030763636363636368
0 0.34530054644808744 0.4727272727272727 0.11382513661202184 0.03636363636363636
0 0.9074316939890711 0.42865454545454545 0.05721311475409836 0.04334545454545455