0 0.03337777777777778 0.5422222222222223 0.06675555555555555 0.11017777777777778
0 0.5129777777777778 0.5744888888888888 0.07675555555555555 0.06937777777777777
0 0.7549777777777777 0.5802666666666667 0.028355555555555554 0.061288888888888886
0 0.6219555555555556 0.5785777777777779 0.06666666666666667 0.06391111111111111
0 0.2601777777777778 0.5584444444444445 0.05257777777777778 0.07186666666666668
0 0.8733333333333333 0.5851999999999999 0.043511111111111105 0.07328888888888888
0 0.9173333333333333 0.5945333333333334 0.03777777777777778 0.07502222222222221
0 0.7937777777777778 0.5779555555555556 0.031955555555555556 0.04573333333333333
0 0.9862222222222222 0.5953777777777778 0.027555555555555555 0.05462222222222222
0 0.4417777777777778 0.5610222222222222 0.035111111111111114 0.07479999999999999
0 0.3777333333333333 0.5624444444444444 0.09946666666666666 0.06551111111111112
0 0.31048888888888887 0.5561777777777778 0.03364444444444445 0.08128888888888888