0 0.14930946291560104 0.7465116279069767 0.046112531969309464 0.10930232558139534
0 0.5168030690537084 0.8454263565891473 0.11209718670076727 0.2683720930232558
0 0.5971611253196931 0.7636434108527133 0.0451918158567775 0.17333333333333334
0 0.7664450127877238 0.6883720930232557 0.03723785166240409 0.08604651162790697
0 0.41099744245524295 0.6922480620155038 0.0427621483375959 0.09891472868217054
0 0.26554987212276215 0.7362015503875969 0.03163682864450128 0.1145736434108527
0 0.827391304347826 0.6851162790697674 0.031253196930946296 0.08728682170542636
0 0.04363171355498721 0.7294573643410852 0.028081841432225065 0.1268217054263566
0 0.7948849104859336 0.6244186046511627 0.020383631713554985 0.05248062015503876
0 0.18521739130434783 0.6874418604651164 0.020153452685421996 0.06217054263565891
0 0.20994884910485934 0.6764341085271318 0.01843989769820972 0.053100775193798445
0 0.5474936061381074 0.6486046511627908 0.020025575447570332 0.06209302325581395