0 0.505144694533762 0.5528395061728395 0.03189710610932476 0.0625925925925926
0 0.38729903536977495 0.5523456790123457 0.08884244372990353 0.06685185185185186
0 0.29649517684887455 0.5813580246913581 0.047363344051446946 0.0737037037037037
0 0.5921543408360128 0.5821604938271605 0.05167202572347267 0.12308641975308643
0 0.7084565916398714 0.5911728395061728 0.074983922829582 0.14271604938271606
0 0.9561093247588425 0.567716049382716 0.052443729903536976 0.13160493827160494
0 0.8735048231511254 0.5753703703703703 0.08971061093247588 0.11969135802469136
0 0.6435691318327974 0.5764814814814815 0.06893890675241159 0.10734567901234568
0 0.09514469453376206 0.5643827160493827 0.10070739549839228 0.0621604938271605
0 0.18440514469453376 0.5316049382716049 0.042540192926045016 0.0374074074074074
0 0.22482315112540194 0.5289506172839507 0.033729903536977496 0.03425925925925926