0 0.2552 0.32262222222222225 0.13986666666666667 0.09831111111111111
0 0.42115555555555556 0.3228888888888889 0.15826666666666667 0.08208888888888888
0 0.5897333333333333 0.3228888888888889 0.14008888888888887 0.08208888888888888
0 0.7491555555555556 0.32262222222222225 0.14542222222222223 0.07737777777777778
0 0.25151111111111113 0.4352888888888889 0.13675555555555555 0.07684444444444444
0 0.4232444444444445 0.43555555555555553 0.13319999999999999 0.08155555555555556
0 0.586311111111111 0.4381777777777778 0.14164444444444446 0.0868
0 0.7473333333333334 0.4363555555555556 0.1333777777777778 0.07475555555555556
0 0.2541333333333333 0.5576444444444444 0.142 0.10404444444444444
0 0.42062222222222223 0.5579111111111111 0.14888888888888888 0.08782222222222223
0 0.5873777777777778 0.5576444444444444 0.13955555555555554 0.08315555555555557
0 0.7541333333333333 0.5560888888888889 0.13026666666666667 0.07582222222222222
0 0.24760000000000001 0.6729333333333333 0.1288888888888889 0.06693333333333333
0 0.41933333333333334 0.6734666666666667 0.12533333333333332 0.07635555555555555
0 0.5881333333333334 0.6726666666666666 0.13275555555555557 0.08315555555555557
0 0.7499111111111111 0.6747555555555556 0.07591111111111111 0.09986666666666666