0 0.15975352112676056 0.7445762711864407 0.0595774647887324 0.062146892655367235
0 0.2980281690140845 0.7417514124293785 0.05464788732394366 0.043559322033898305
0 0.3948239436619718 0.7215254237288136 0.02704225352112676 0.03553672316384181
0 0.42172535211267603 0.7372881355932204 0.04869718309859155 0.02824858757062147
0 0.42753521126760563 0.7154802259887005 0.03207746478873239 0.041186440677966105
0 0.47933098591549295 0.7199435028248587 0.03915492957746479 0.03875706214689266
0 0.4911267605633802 0.7497740112994351 0.030633802816901406 0.02745762711864407
0 0.513274647887324 0.7304519774011299 0.046725352112676054 0.03389830508474576
0 0.591443661971831 0.7199435028248587 0.04626760563380282 0.03875706214689266
0 0.6432394366197184 0.7412994350282487 0.05334507042253521 0.03632768361581921
0 0.7609154929577464 0.7352542372881355 0.04112676056338028 0.05649717514124294
0 0.8132394366197183 0.7493785310734462 0.07556338028169014 0.052485875706214685
0 0.8909154929577465 0.7215254237288136 0.045950704225352114 0.03553672316384181