0 0.32425000000000004 0.6272335025380711 0.5419333333333334 0.5945939086294416
0 0.8640666666666668 0.311497461928934 0.039900000000000005 0.03416243654822335
0 0.6916 0.31487309644670053 0.06273333333333334 0.037538071065989845
0 0.6171666666666666 0.31763959390862945 0.0361 0.08281725888324874
0 0.61745 0.319746192893401 0.05778333333333334 0.02972081218274112
0 0.5630000000000001 0.29266497461928936 0.022216666666666666 0.048121827411167516
0 0.48856666666666665 0.2930964467005076 0.04001666666666667 0.04388324873096446
0 0.4562166666666667 0.3134010152284264 0.046983333333333335 0.03035532994923858
0 0.42038333333333333 0.29393401015228426 0.040883333333333334 0.04218274111675127
0 0.25333333333333335 0.31550761421319795 0.06176666666666667 0.02951776649746193
0 0.35665 0.29583756345177664 0.0484 0.0417766497461929
0 0.05683333333333333 0.30428934010152286 0.034883333333333336 0.028223350253807105
0 0.14501666666666668 0.29796954314720814 0.054016666666666664 0.06121827411167513
0 0.18986666666666666 0.29286802030456854 0.044283333333333334 0.04431472081218275
0 0.11168333333333334 0.32779187817258887 0.05846666666666667 0.02868020304568528
0 0.13265000000000002 0.3110659898477157 0.04763333333333333 0.034999999999999996