0 0.6163939393939394 0.7009292929292928 0.5662272727272727 0.5345252525252525
0 0.9102424242424242 0.6645656565656565 0.179530303030303 0.5641010101010101
0 0.9678181818181818 0.3714545454545455 0.06437878787878788 0.04347474747474747
0 0.7702727272727272 0.3564242424242424 0.0618939393939394 0.04123232323232323
0 0.5378181818181818 0.4311919191919192 0.15253030303030304 0.1001010101010101
0 0.4965757575757576 0.36472727272727273 0.06265151515151515 0.04616161616161617
0 0.5576818181818182 0.37012121212121213 0.05354545454545455 0.04616161616161617
0 0.6066666666666667 0.3696565656565656 0.033666666666666664 0.047070707070707075
0 0.07815151515151515 0.5055353535353535 0.1563030303030303 0.1993939393939394
0 0.14965151515151515 0.5475353535353534 0.2071818181818182 0.2807070707070707
0 0.24124242424242423 0.3698989898989899 0.04018181818181818 0.06098989898989899
0 0.3627575757575757 0.4401818181818182 0.058318181818181825 0.11088888888888888
0 0.2866818181818182 0.4855555555555555 0.08392424242424243 0.21777777777777776
0 0.20774242424242426 0.39616161616161616 0.07216666666666667 0.047979797979797977
0 0.6728030303030303 0.4426464646464647 0.24068181818181816 0.0807878787878788