0 0.7869607843137255 0.4581617647058824 0.426078431372549 0.37174019607843134
0 0.6588398692810458 0.4797794117647059 0.34810457516339866 0.3927205882352941
0 0.5636437908496732 0.47776960784313727 0.3983333333333333 0.4110049019607843
0 0.5045588235294118 0.6322058823529412 0.08408496732026144 0.21627450980392154
0 0.39717320261437905 0.42178921568627453 0.1277941176470588 0.2054411764705882
0 0.34326797385620916 0.5900735294117647 0.11205882352941177 0.20779411764705882
0 0.3073202614379085 0.46370098039215685 0.12929738562091503 0.20012254901960785
0 0.2381045751633987 0.5530882352941177 0.11565359477124183 0.23183823529411765
0 0.26233660130718955 0.6292401960784314 0.09673202614379085 0.15950980392156863
0 0.18122549019607842 0.6152450980392157 0.04647058823529412 0.14316176470588235
0 0.21999999999999997 0.6658088235294117 0.04532679738562091 0.08637254901960785